6693
6693
6693
6693
6693
6693
6693
6693
6693
6693
6693
6693
6693
6693
6693
6823
6823
7102
7861
7861
7861
7861
7861
7861
7861
7861
7861
7861
8006
8695
8695
9035
9356
9356
9356
9446
9462
9800
10034
10034
10034
12471
12471
12471
12471
12471
12471
12475
12475
12475
12475
12475
12475
12475
12475
12475
12475
12475
12475
12475
12475
12475
12475
12475
12481
12481
12481
12481
12481
12481
12481
12481
12481
12481
12481
12481
12481
12481
12481
12481
12542
12542
12542
12542
12542
12542
12542
12542
12542
12542
12542
12542
12542
12542
12542
13239
13246
13503
13765
13982
13982
13982
13982
13982
13982
13982
13982
13982
13982
14554
14766
14793
14799
14799
14799
14799
14830
14830
14830
14830
14830
14830
14830
14830
14830
14830
14830
14830
14830
14830
14955
14955
14955
14955
14955
14955
14955
14955
14955
14955
14955
14955
14955
14955
14955
14955
15068
15551
15551
15551
15551
15551
15551
15551
15551
15551
15551
15551
15551
15551
15551
15551
15551
15551
15755
16191
16191
16191
16191
16191
16191
16191
16191
16191
16191
16313
16313
16313
16313
16313
16313
16313
16313
16313
16313
16313
16313
16313
16313
16313
16500
16500
16950
16950
16950
16950
16951
16951
16951
16951
16951
16951
17956
17956
17956
17956
17956
17956
17956
17956
17956
17956
17956
17956
17956
17956
17956
17956
17956
18228
18228
18424
18424
18424
18531
18540
19023
19023
19023
19269
19269
19269
19269
19269
19269
19269
19269
19269
19889
20004
20004
20037
20037
20446
20606
20835
21556
21556
21564
21564
21564
21564
21564
21677
21677
21757
21781
21781
21781
21956
21956
21956
21956
21956
21956
21956
21956
21956
21956
21956
21956
21956
22106
22226
22226
22226
22226
22226
22226
22226
22226
22626
22626
22670
22670
22670
22670
23462
24150
24150
24150
24150
24150
24150
24150
24150
24150
24150
24226
24574
24574
24574
25459
25459
26294
26294
26294
26294
26294
26371
26371
26665
26989
27020
27020
27020
27020
27020
27020
27020
27020
27020
27020
27020
27020
27020
27020
27020
27020
27020
27310
27310
27310
27442
27442
27442
27442
27442
27442
27442
27442
27546
27546
27546
27546
27546
27546
27546
27546
27546
27546
27546
27582
27582
27945
28542
28542
28542
28759
28958
29039
29290
29290
29290
29290
29332
30133
30133
30133
30133
30133
30392
30472
4891
4891
5688
6198
6413
7078
8115
8115
8115
8115
8194
8194
8194
8221
8701
8701
8857
8870
9607
9615
11270
11270
11735
11841
11892
12030
12030
12030
12030
12030
12030
12138
12450
12450
12450
12450
12450
12450
12484
12588
13273
13814
13830
13845
13845
14285
14285
14285
14405
14405
14470
14519
14995
14995
15814
16223
16377
16377
18516
18780
18780
19107
19153
19549
20706
20900
21481
21598
21598
21598
21598
21598
21598
21598
21602
21602
21602
21603
21603
21603
21603
21603
21603
21603
21603
21603
21603
21603
21603
21603
21603
21603
21603
21615
21671
21671
21671
21686
21686
21686
21686
21686
21686
21686
21686
21697
21697
21697
21700
21700
21700
21707
21707
21707
21707
21707
21946
21986
21986
21986
21986
21986
21986
21986
21986
21990
21994
21994
21994
21994
21994
22010
22010
22010
22010
22010
22010
22010
22093
22093
22211
22211
22211
22211
22211
22218
22218
22218
22395
22408
22408
22408
22416
22662
22662
22662
22928
22928
22928
22928
22928
22928
22928
22984
22989
23000
23032
23071
23071
23085
23147
23147
23147
23147
23147
23267
23267
23267
23267
23267
23274
23274
23274
23274
23274
23422
23422
23422
23457
23468
23532
23532
23544
23778
23788
23788
23788
23788
23788
23788
23788
23788
23846
23873
23879
23879
23879
23985
23985
23985
24041
24041
24041
24056
24056
24056
24056
24056
24056
24056
24056
24058
24058
24058
24058
24058
24058
24058
24058
24137
24137
24137
24137
24137
24137
24137
24137
24137
24137
24137
24137
24137
24158
24223
24234
24235
24235
24236
24284
24284
24324
24356
24356
24356
24356
24508
24549
24773
24860
24860
24860
24860
24860
24860
24860
24860
24860
24860
24860
24860
24860
24867
24867
24867
24887
24887
24888
24991
24991
24991
24991
24991
24991
24991
24991
24991
24991
24991
24991
25322
25322
25530
25530
25611
25636
25636
25787
25787
25908
25908
25908
25908
25908
25908
25908
25908
25908
25908
25908
25908
25912
25912
25912
25912
25912
25912
26140
26262
26522
26571
26636
26636
26636
26636
26636
26636
26636
26655
26655
26655
26655
26655
26655
26655
26655
26655
26655
26695
26695
26695
26695
26695
26695
26696
26696
26696
26696
26696
26696
26696
26696
26696
26696
26696
26696
26696
26696
26696
26696
26696
26703
26704
26704
26704
26751
26837
26837
26837
26880
26880
26880
26939
26939
27157
27270
27270
27270
27270
27557
27559
27559
27617
27641
27641
27641
27641
27641
27641
27689
27767
27767
27767
27886
27886
27886
28073
28161
28161
28161
28161
28168
28168
28168
28271
28271
28271
28271
28271
28271
28271
28271
28271
28271
28365
28365
29005
29022
29022
29022
29022
29022
29022
29022
29022
29022
29022
29022
29022
29022
29022
29022
29022
29022
29022
29166
29166
29166
29166
29187
29414
29414
29414
29414
29494
29494
29494
29511
29511
29511
29541
29541
29541
29541
29541
29541
29541
29634
29634
29702
29711
29711
29877
30238
30238
30238
30238
30238
30238
30238
30238
30238
30238
30238
30238
30238
30238
30384
30415
30473
30473
30473
30473
30473
30473
30473
30473
30473
30473
30473
30541
30541
30541
30541
30541
30541
30541
30603
30645
30877
30877
30877
30877
30877
30877
30877
30877
30877
30883
30884
30884
30884
30884
30884
30884
30884
30952
30952
30952
30952
30952
30952
30952
31079
31085
31136
31172
31172
31172
31366
31366
31366
31366
31366
31366
31366
31392
31681
31681
31734
31799
31882
31882
31906
31933
32062
32062
32062
32062
32551
32551
32776
32776
32869
32985
33113
33113
33306
33306
33309
33309
33309
33309
33309
33309
33309
33309
33309
33309
33309
33309
33309
33309
33313
33313
33313
33313
33313
33313
33313
33313
33313
33313
33313
33313
33313
33313
33314
33324
33324
33615
33704
33704
4863
4863
6246
6597
6597
6826
6954
6954
7046
7046
7271
7271
7714
7731
7731
7780
7780
7780
7907
7972
7972
7972
8130
8130
8130
8130
8130
8130
8130
8130
8130
8130
8130
8188
8188
8188
8188
8188
8188
8188
8188
8188
8325
8528
8534
8662
8696
8803
8872
8876
8876
8876
8895
8898
8898
8898
8898
8901
9025
9025
9025
9036
9060
9060
9060
9060
9060
9060
9060
9060
9060
9062
9062
9062
9062
9062
9062
9062
9062
9062
9062
9062
9062
9062
9062
9062
9072
9072
9072
9072
9072
9072
9072
9072
9072
9072
9072
9076
9076
9076
9076
9076
9076
9076
9076
9076
9076
9076
9076
9111
9226
9226
9226
9226
9226
9226
9244
9261
9261
9261
9261
9261
9276
9276
9276
9276
9276
9300
9300
9311
9397
9397
9397
9442
9442
9442
9442
9858
9858
9858
9858
9858
9858
9874
10030
10030
10030
10030
10030
10042
10042
10042
10042
10042
10042
10042
10042
10042
10042
10042
10042
10042
10042
10042
10042
10042
10155
10202
10277
10277
10424
10424
10424
10424
10424
10424
10424
10424
10424
10424
10424
10424
10424
10424
10554
10585
10628
10628
10628
10628
10628
10628
10628
10628
10628
10628
10628
10628
10628
10628
10796
10796
10796
10796
10796
10796
10796
10796
10796
10796
10796
10796
10796
10796
10796
10796
10796
10796
10796
10796
10796
10796
10796
10796
10796
10796
10809
10809
10809
10809
10809
10823
10823
10823
10823
10823
10823
10823
10823
10823
10823
10823
10823
10823
10823
10823
10836
10836
10836
10836
10836
10836
10836
10836
10836
10836
10934
10956
10956
10956
10956
10956
10956
10956
10956
10956
10956
10964
10964
10964
10964
10964
10964
10964
10984
10984
10984
10984
10984
10984
10984
10984
11146
11185
11185
11185
11185
11185
11185
11185
11185
11185
11185
11185
11185
11185
11204
11204
11204
11204
11204
11223
11239
11239
11239
11239
11239
11436
11442
11467
11844
12087
12120
12120
12120
12120
12120
12120
12248
12248
12248
12258
12258
12258
12258
12258
12258
12258
12258
12258
12258
12277
12277
12277
12277
12277
12282
12365
12365
12369
12369
12461
12477
12477
12485
12485
12485
12485
12485
12485
12485
12485
12485
12485
12485
12485
12525
12719
12719
12719
12719
12719
12719
12719
12719
12719
12719
12818
12878
12984
12984
12984
12984
12984
12984
12984
12984
12984
13010
13010
13059
13112
13142
13142
13142
13142
13142
13142
13173
13173
13173
13173
13173
13173
13173
13173
13173
13173
13173
13173
13173
13173
13173
13173
13173
13173
13274
13407
13407
13407
13407
13407
13407
13407
13407
13407
13407
13407
13407
13407
13407
13407
13407
13407
13701
13701
13701
13701
13701
13701
13701
13701
13701
13701
13701
13701
13701
13701
13701
13701
13701
13701
13701
13701
13701
13701
13701
13731
13785
13785
13823
13823
13823
13823
13823
13823
13823
13823
13823
13823
13823
13823
13823
13823
13823
13823
13823
13823
13827
14037
14110
14110
14110
14159
14159
14159
14407
14424
14424
14424
14424
14424
14424
14424
14424
14424
14424
14424
14450
14474
14475
14476
14656
14656
14656
14656
14656
14656
14656
14656
14656
14656
14656
14656
14656
14803
14803
14803
14803
14803
14803
14803
14803
14803
15064
15064
15238
15238
15269
15269
15298
15347
15518
15518
15518
15518
15518
15518
15518
15518
15518
15560
15560
15570
15570
15570
15646
15664
15664
15664
15666
15666
15666
15666
15666
15666
15666
15666
15757
15757
15757
15757
15759
16011
16024
16024
16024
16347
16347
16347
16702
16702
16702
16702
16702
16702
16702
16876
16876
16876
16932
16949
17188
17188
17260
17260
17306
17330
17330
17522
17522
17522
17522
17522
17522
17522
17522
17522
17522
17522
17522
17522
17522
17522
17522
17526
17526
17526
17526
17526
17526
17526
17526
17526
17526
17526
17526
17526
17650
17650
17650
17650
17650
17650
17650
17926
17926
17926
17926
17926
17950
17950
18017
18020
18119
18150
18150
18150
18150
18150
18150
18150
18150
18154
18154
18154
18420
18420
18420
18420
18420
18420
18437
18437
18437
18437
18437
18437
18437
18437
18526
18526
18526
18526
18541
18541
18541
18541
18541
18541
18541
18541
18541
18541
18541
18541
18541
18541
18541
18541
18653
18653
18668
18668
18668
18668
18668
18668
18668
18668
18668
18668
18668
18753
18787
18867
19192
19305
19305
19575
19575
19577
19577
19606
19606
19681
19681
19681
19681
19681
19681
19681
19684
19684
19684
19684
19767
19767
19767
19767
19881
19881
19937
19937
20071
20071
20071
20071
20071
20071
20071
20071
20071
20117
20117
20117
20130
20163
20163
20163
20163
20209
20210
20221
20221
20329
20336
20475
20475
20475
20475
20475
20475
20475
20475
20586
20586
20586
20586
20586
20818
20818
20818
20818
20944
21139
21139
21487
21487
21487
21487
21487
21487
21487
21487
21487
21487
21487
21487
21487
21487
21487
21487
21487
21487
21487
21751
21751
21751
21751
21798
21798
21813
22071
22071
22071
22071
22071
22071
22071
22071
22121
22318
22318
22406
22406
22406
22406
22406
22406
22631
22700
22700
22700
22700
22885
23028
23046
23426
23426
23426
23426
23426
23465
23465
23465
23465
23465
23508
23508
23508
23508
23508
23508
23508
23508
23508
23508
23561
23561
23643
23658
23680
23680
23680
23721
23936
24042
24042
24098
24177
24177
24193
24246
24246
24366
24366
24366
24457
24548
24619
24646
24646
24646
24763
24763
24763
24781
24781
24781
24781
24781
24781
24781
24795
24894
24920
24920
24920
24920
24920
24920
24920
24920
24920
25076
25318
25563
25563
25563
25686
25717
25959
25986
25986
26018
26018
26150
26150
26150
26150
26150
26150
26150
26150
26164
26164
26164
26164
26164
26278
26538
26985
26985
27057
27109
27109
27116
27116
27116
27116
27116
27318
27318
27318
27318
27379
27392
27392
27403
27512
27512
27512
27512
27512
27512
27512
27512
27512
27512
27512
27512
27526
27602
27602
27602
27643
27643
27646
27646
27646
27786
27786
27786
27806
27809
27809
27809
27809
27809
27809
27809
27809
27809
27809
27809
27809
27809
27809
27935
27935
27935
27935
27935
27935
27935
27935
27935
27935
27935
27935
27935
27935
27935
27935
27935
27935
28171
28171
28171
28171
28171
28171
28171
28171
28171
28171
28171
28171
28171
28171
28171
28171
28284
28349
28351
28362
28362
28362
28362
28362
28362
28362
28362
28362
28362
28362
28362
28362
28362
28362
28405
28410
28529
28529
28593
28700
28731
28740
28761
28809
28835
28835
28842
28842
28842
28842
28842
28842
28955
29090
29200
29200
29650
29746
29746
29828
29982
30256
30256
30607
30607
30607
30665
30665
30748
30748
30910
30910
30910
30910
30913
31099
31265
31303
31303
31319
31319
31431
31441
31511
31511
31511
31562
31736
31838
31884
31902
32025
32025
32025
32025
32025
32721
32721
32721
32721
33879
33879
33879
33879
33879
33879
14757
15004
15004
15004
16051
16052
16852
16852
16852
16852
17379
17503
17613
18118
18118
18118
18118
18605
18686
18686
18794
18794
18794
19267
19267
20182
21470
21470
21470
21851
21851
21851
21851
21851
21851
21851
21851
21851
21851
21851
21851
21851
21851
21851
21851
22060
22339
22339
22339
22969
22969
22969
22969
22969
22969
22969
23172
23640
23640
23640
23971
23971
24468
24988
25225
25248
25257
26622
27244
27244
27244
27244
27244
27244
27244
27244
27244
27244
27244
27244
27502
27624
27917
27917
28371
28373
28468
28468
28468
28468
28685
28685
28685
28685
28899
28899
28899
28899
29000
29000
29000
29000
29000
29371
29371
29981
29981
29981
29981
29981
29981
29981
29981
30635
30635
30635
30635
6144
6686
7123
7221
7221
7221
7221
7221
7221
7221
7221
7221
7221
7437
7487
7770
7770
7770
7770
7770
7770
7770
7770
7770
7770
7770
7770
7770
7770
7770
7770
7770
7770
7770
7770
7770
7770
7781
7781
7781
7781
7781
7781
7781
7781
7781
7781
7781
7781
7781
7781
7781
7781
7781
7781
7781
7781
7781
7781
7781
7781
7781
8246
8275
8275
8275
8275
8275
8564
8564
8577
8577
8577
8650
8650
8650
8650
8650
8650
8650
8650
8650
8692
9020
9151
9151
9151
9151
9151
9151
9151
9269
9583
9583
9714
9714
9714
9714
9714
9714
9888
9888
10306
10306
10306
10576
11107
11107
11107
11107
11107
11107
11372
11395
11395
11395
11395
11395
11395
11395
11395
11395
11395
11395
11395
11395
11395
11395
11427
11427
11427
12134
12134
12134
12134
12134
12134
12134
12134
12134
12134
12134
12134
12134
12134
12195
12195
12195
12296
12444
12444
12444
12444
12444
12444
12444
12444
12444
12444
12444
12444
12447
12447
12447
12447
12447
12447
12447
12447
12447
12447
12447
12447
12447
12447
12447
12447
12447
12447
12449
12465
12579
12639
12658
12753
12772
12772
12827
12827
12827
12827
12827
12827
12827
12827
13020
13020
13020
13020
13020
13020
13020
13020
13020
13020
13020
13020
13020
13020
13020
13020
13020
13075
13075
13075
13075
13075
13075
13075
13075
13075
13075
13075
13075
13075
13075
13075
13075
13075
13075
13078
13146
13176
13176
13176
13429
13429
13429
13465
13465
13468
13891
13891
13891
13973
13973
14345
14345
14345
14345
14345
14391
14533
14533
14533
14546
14557
14563
14563
14563
14719
14719
14719
14719
14965
14974
15084
15084
15263
15263
15263
15263
15263
15263
15263
15450
15450
15450
15450
15450
15653
15653
15653
15653
15653
15653
15653
15653
15653
15653
15653
15653
15653
15653
15653
15653
15653
15653
15653
15653
15653
15765
15766
15766
16035
16164
16307
16404
16404
16404
16827
16887
16887
16887
16893
16893
16893
16893
16893
16893
16893
16893
16893
16893
16893
16893
16893
16893
17047
17069
17094
17094
17173
17173
17173
17173
17229
17272
17272
17272
17272
17334
17334
17334
17334
17334
17334
17334
17518
17518
17518
17518
17518
17518
17518
17518
17518
17625
17625
17625
17625
17625
17625
17625
17625
17625
17625
17625
17625
17699
17699
17699
17699
17699
17699
17699
17699
17699
17699
17898
17898
17953
18451
18550
18550
18550
18550
18632
18632
18632
18632
18632
18632
18632
18632
18632
18632
18632
18886
18942
18957
18957
18957
18957
18957
18957
18957
18957
19048
19105
19105
19105
19105
19105
19105
19105
19105
19105
19105
19105
19105
19105
19105
19105
19330
19580
19580
19929
19929
19957
20066
20400
20400
20400
20400
20400
20400
20400
20400
20400
20400
20400
20400
20400
20400
20400
20400
20400
20400
20400
20400
20400
20400
20429
20757
20757
20757
20757
20774
20774
20774
20774
20774
20774
20774
20774
20774
20774
20774
20774
20774
20994
20994
20994
21008
21426
22571
22977
22977
22977
22977
22977
22977
22977
22977
22977
22977
22977
22977
22977
22977
22977
22977
22977
22977
22977
22977
22977
22977
22977
22977
22977
22977
23455
23691
23981
23981
23981
23981
23981
23981
23981
23981
23990
23990
23990
23990
23990
23990
23990
23990
24055
24159
24898
25015
25015
25015
25015
25015
25015
25015
25015
25015
25566
25663
25728
25905
25924
25924
25924
26388
26442
26442
26442
26442
26442
26479
26556
26600
26760
26869
27329
27329
27422
27984
27996
28006
28326
28326
28559
28559
28794
28856
29537
29537
29930
29972
30633
31211
31300
31430
31433
31453
31453
31453
32232
32237
32237
32237
4843
4843
4843
4843
4877
4877
4877
4877
4877
4917
5112
5551
5551
5551
5551
5551
5551
5551
5551
5551
5551
5551
5551
5551
5551
5551
5551
5551
5698
5698
5749
5749
5749
5749
5749
5749
5749
5845
5845
5845
5845
5845
5845
5845
5845
5845
5845
5845
5845
5845
5845
5845
5845
6253
6253
6253
6253
6253
6253
6253
6253
6253
6253
6253
6253
6253
6821
6952
6952
6955
6955
6955
6955
6955
6955
7298
7298
7396
7396
7531
7536
7540
7550
7550
7558
7564
7564
7564
7616
7734
7768
7768
7768
7768
7768
7768
7768
7768
7928
7928
7928
7928
7928
7928
7928
7928
7928
7928
7928
7928
7928
8039
8039
8048
8048
8048
8048
8048
8114
8114
8121
8180
8180
8180
8180
8187
8187
8187
8187
8187
8187
8187
8187
8187
8187
8187
8212
8212
8212
8212
8212
8212
8212
8212
8212
8221
8221
8221
8232
8232
8253
8292
8324
8324
8324
8324
8324
8324
8324
8324
8324
8324
8324
8324
8324
8324
8324
8324
8324
8324
8324
8324
8324
8324
8324
8344
8368
8368
8543
8543
8578
8578
8578
8578
8578
8578
8578
8578
8578
8578
8578
8578
8578
8583
8583
8583
8583
8583
8588
8588
8588
8607
8607
8607
8607
8607
8607
8607
8607
8607
8607
8607
8607
8607
8607
8721
8771
8816
8816
8816
8849
8875
8875
8878
8878
8878
8920
8970
8970
8982
9007
9007
9007
9007
9033
9038
9038
9038
9038
9038
9038
9038
9038
9038
9038
9038
9038
9038
9038
9038
9038
9038
9119
9119
9119
9119
9119
9119
9119
9119
9119
9119
9119
9119
9119
9119
9119
9119
9119
9119
9119
9119
9120
9120
9120
9120
9141
9215
9215
9215
9215
9215
9215
9215
9215
9215
9215
9215
9218
9218
9218
9218
9218
9218
9218
9218
9227
9227
9227
9227
9227
9227
9227
9227
9227
9227
9227
9227
9227
9236
9236
9407
9422
9422
9422
9422
9422
9422
9422
9422
9480
9480
9485
9485
9485
9485
9485
9485
9485
9485
9485
9485
9485
9485
9485
9485
9485
9485
9656
9656
9656
9656
9656
9755
9755
9824
9824
9824
9855
9914
9914
9914
9914
9914
9914
9933
9933
10022
10036
10036
10036
10036
10036
10036
10036
10036
10036
10036
10036
10036
10092
10112
10112
10112
10112
10112
10112
10112
10112
10223
10240
10240
10240
10240
10240
10240
10244
10244
10373
10433
10433
10433
10433
10433
10433
10433
10433
10433
10433
10433
10433
10433
10433
10433
10433
10433
10523
10523
10523
10523
10523
10523
10523
10523
10523
10523
10523
10523
10523
10523
10523
10523
10523
10805
10805
10805
10805
10805
10805
10805
10805
10805
10805
10805
10878
10878
10937
10937
10937
10937
10937
10937
10937
10937
10937
10937
10937
10937
11015
11015
11015
11069
11069
11088
11088
11330
11355
11355
11355
11355
11355
11355
11355
11355
11355
11355
11355
11355
11355
11355
11355
11355
11376
11381
11388
11388
11388
11388
11388
11388
11388
11388
11388
11388
11388
11388
11388
11388
11388
11391
11391
11391
11391
11391
11391
11438
11438
11438
11438
11608
11608
11615
11615
11617
11617
11617
11754
11765
11765
11765
11765
11765
11765
11765
11774
11774
11774
11774
11774
11774
11774
11774
11774
11774
11802
11802
11802
11802
11802
11802
11814
11826
11828
11875
11891
11896
11896
11896
11896
11896
11896
11896
11896
11896
11896
11896
11896
11896
11897
11897
11897
11898
11898
11898
11898
11898
11898
11898
11898
11953
12014
12036
12036
12053
12056
12056
12056
12056
12056
12056
12056
12070
12070
12070
12074
12079
12079
12079
12079
12079
12079
12079
12079
12079
12079
12122
12123
12123
12123
12130
12130
12130
12130
12130
12130
12130
12130
12135
12135
12137
12137
12137
12137
12137
12137
12137
12137
12137
12137
12137
12137
12137
12151
12151
12151
12151
12211
12223
12288
12288
12288
12288
12288
12288
12288
12288
12463
12463
12463
12463
12463
12463
12478
12480
12480
12531
12531
12531
12790
12870
12870
12870
12902
12902
12902
12902
12902
12902
12902
12902
12902
12902
12964
12964
12964
12964
12964
12964
12964
12964
12964
13028
13028
13028
13028
13028
13028
13028
13028
13028
13028
13028
13028
13028
13028
13028
13224
13224
13252
13252
13252
13264
13273
13273
13273
13281
13365
13365
13365
13365
13365
13365
13365
13365
13365
13365
13365
13365
13365
13393
13393
13393
13431
13431
13431
13431
13431
13431
13431
13431
13431
13431
13431
13431
13431
13431
13463
13476
13619
13619
13619
13638
13638
13638
13638
13638
13706
13706
13766
13766
13766
13766
13766
13768
13916
13919
13919
13919
13919
13999
13999
13999
14007
14007
14007
14007
14007
14007
14007
14007
14007
14007
14070
14078
14109
14109
14109
14109
14109
14109
14109
14109
14109
14109
14109
14109
14109
14109
14109
14109
14109
14109
14109
14109
14168
14168
14255
14255
14255
14257
14277
14330
14342
14342
14349
14349
14351
14351
14395
14395
14401
14402
14435
14470
14470
14470
14470
14470
14470
14470
14470
14470
14470
14470
14470
14470
14482
14482
14482
14491
14491
14491
14491
14493
14537
14537
14537
14584
14655
14655
14682
14682
14682
14682
14682
14682
14682
14682
14682
14686
14686
14686
14686
14703
14703
14703
14703
14703
14916
14921
14921
14921
14960
14960
14960
14984
15125
15125
15127
15127
15127
15188
15192
15192
15200
15200
15200
15200
15200
15200
15200
15200
15200
15200
15200
15200
15200
15335
15336
15336
15340
15340
15340
15340
15340
15340
15340
15340
15340
15340
15340
15340
15340
15340
15340
15340
15340
15340
15364
15455
15455
15496
15506
15540
15540
15540
15540
15554
15554
15583
15583
15583
15583
15583
15583
15583
15583
15583
15583
15583
15583
15583
15583
15583
15583
15583
15583
15583
15602
15602
15628
15628
15628
15789
15789
15789
15789
15789
15789
15789
15824
15824
15859
15859
15876
15876
15876
15876
15974
15974
15974
15974
15974
15974
15974
15974
15974
15984
15984
15984
15984
15984
15984
15984
15984
15984
15984
15984
15984
15984
16016
16063
16063
16166
16166
16166
16166
16223
16223
16223
16223
16223
16223
16223
16223
16223
16223
16223
16242
16275
16318
16448
16448
16448
16508
16508
16508
16508
16508
16508
16508
16508
16508
16508
16508
16508
16540
16566
16606
16606
16606
16648
16648
16648
16746
16819
16819
16819
16894
16894
16894
16894
16894
16894
16913
16929
16929
16929
16929
16929
16929
16929
16929
16929
16929
16929
16929
16929
16929
16929
16929
16929
16937
16937
16937
16937
16986
16986
16986
16986
16986
16986
16986
16986
16986
16986
16986
16986
16986
16986
16986
16986
16986
16986
16986
16986
16995
17008
17027
17027
17027
17027
17027
17136
17169
17190
17190
17190
17190
17218
17218
17241
17241
17241
17241
17241
17241
17241
17241
17241
17241
17241
17241
17241
17241
17241
17241
17241
17280
17280
17305
17416
17416
17416
17416
17934
18007
18046
18103
18103
18103
18103
18103
18103
18103
18191
18215
18217
18217
18235
18235
18235
18280
18280
18280
18328
18346
18352
18352
18352
18352
18352
18355
18355
18355
18357
18357
18357
18357
18357
18357
18357
18357
18357
18357
18357
18357
18357
18357
18357
18357
18362
18411
18416
18416
18455
18455
18469
18469
18511
18554
18621
18780
18780
18780
18780
18781
18806
18838
18838
18838
18838
18838
18838
18838
18838
18838
18838
18838
18838
18838
18838
18838
18838
18838
18838
18852
18852
18852
18852
18852
18852
18852
18852
18874
18874
18874
18874
18874
18874
18960
19046
19129
19318
19318
19318
19318
19318
19318
19318
19318
19318
19318
19371
19371
19371
19490
19490
19490
19505
19505
19584
19584
19584
19588
19588
19588
19588
19588
19588
19588
19588
19588
19588
19588
19650
19650
19650
19650
19650
19650
19650
19650
19650
19650
19650
19650
19650
19651
19671
19701
19701
19701
19701
19709
19716
19716
19716
19716
19716
19716
19716
19716
19716
19716
19716
19716
19716
19716
19878
19879
19893
19893
19940
19940
19942
20096
20096
20096
20096
20096
20096
20096
20096
20096
20096
20096
20096
20096
20096
20096
20096
20178
20178
20179
20180
20180
20180
20180
20180
20180
20180
20180
20180
20180
20180
20180
20180
20194
20201
20201
20201
20201
20201
20201
20201
20201
20298
20298
20298
20298
20451
20451
20451
20451
20451
20451
20451
20451
20451
20451
20451
20451
20451
20451
20451
20451
20451
20451
20451
20675
20723
20723
20723
20730
20738
20738
20738
20758
20763
20763
20763
20781
20841
20841
20841
20841
20841
20841
20872
20906
20927
20965
20977
20977
20977
21040
21058
21058
21058
21058
21058
21058
21058
21058
21058
21058
21058
21058
21058
21058
21058
21058
21116
21116
21116
21126
21126
21126
21126
21126
21126
21126
21126
21126
21126
21126
21126
21126
21126
21126
21126
21126
21126
21126
21126
21126
21126
21126
21280
21300
21300
21300
21300
21300
21303
22398
22971
23032
23453
24881
25860
27994
28648
32102
32827
32827
32827
9310
9310
9310
10818
10818
11641
13497
18142
18142
20496
20496
20496
20496
20496
20924
21553
21553
21553
24333
25623
25623
30580
5023
5023
5023
5023
5023
5023
5853
6060
6219
6219
6219
6219
6219
6227
6227
6227
6542
6542
6979
7246
7318
7368
7372
7419
7419
7419
7419
7419
7419
7419
7419
7419
7419
7419
7419
7491
7521
7521
7679
7679
7749
7891
8141
8141
8141
8284
8330
8330
8330
8330
8330
8359
8359
8359
8359
8360
8360
8366
8532
8532
8671
8671
8743
8743
8743
8743
8743
8743
8743
8743
8760
8760
8806
8903
9008
9008
9008
9055
9055
9055
9055
9581
9618
9618
9618
9857
9857
9857
9857
9857
10655
10655
10655
10655
10655
10655
10655
10655
10655
10655
10655
10655
10655
10655
10655
10655
10655
10655
10655
10655
10655
10655
10655
10655
10655
10655
10655
10655
10800
10800
10800
10800
10800
10800
10824
11077
11077
11077
11116
11116
11116
11116
11116
11116
11116
11116
11116
11807
11807
11807
11807
12304
12316
12316
12316
12316
12316
12316
12316
12316
12316
12316
12316
12316
12316
12316
12316
12316
12316
12316
12473
12473
12473
12473
12473
12473
12473
12473
12473
12473
12473
12473
12473
12473
12473
12473
12474
12483
12483
12483
12483
12483
12483
12483
12483
12483
12483
12483
12659
12659
12703
12831
12831
12831
12831
12831
12831
12831
12831
12841
12841
12841
12841
12841
12841
12841
12841
12841
12841
12841
12841
12841
13073
13073
13285
13338
13338
13371
13371
13371
13371
13371
13371
13371
13371
13371
13371
13371
13371
13371
13371
13371
13371
13438
13441
13441
13441
13441
13502
13502
13502
13502
13502
13502
13502
13502
13502
13502
13502
13502
13502
13502
13609
13609
13609
13609
13651
13694
13694
13694
13694
13751
14012
14012
14127
14127
14225
14246
14246
14246
14246
14246
14246
14246
14246
14246
14254
14379
14573
14573
15215
15350
15350
15663
15663
15777
16309
16309
16321
16321
16321
16321
16321
16321
16434
16471
16474
16725
16725
16748
17238
17238
17292
17292
17292
17292
17292
17292
17292
17484
18153
18323
18323
18415
18486
19055
19055
19055
19148
19148
19148
19148
19148
19148
19148
19148
19148
19148
19148
19148
19148
19148
19148
19421
19421
19421
19421
19421
19421
19421
19421
19421
19421
19421
19421
19421
19421
19421
19421
19421
19421
19421
19669
19669
19669
19669
19669
19827
19827
20714
21249
21249
21509
21509
21509
21509
