6280
6280
6280
6280
6280
6280
6280
6280
6875
6875
7863
7863
7863
7863
7863
7863
7863
7863
7863
7863
7863
7863
7863
7863
7863
7863
7863
7863
7863
7863
7863
7863
7863
7863
7863
7863
7863
7863
9523
9523
9523
9523
9523
9523
9523
9523
9523
9523
9885
9885
10067
10067
10067
10067
10067
10067
10067
10067
10067
10067
10067
10067
10219
10219
10219
10219
10219
10219
10219
10219
10219
10219
10219
10219
10219
10219
10219
10219
10219
10219
10219
10219
10219
10219
10219
10219
10219
10219
10219
10219
10219
10219
10219
10219
10219
10219
10308
10308
10308
10308
10308
10308
10332
10332
10332
10332
10332
10332
10332
10332
10332
10332
10332
10332
11901
11901
12007
12007
12411
12411
12411
12411
12411
12411
12411
12411
12505
12505
12505
12505
12505
12505
12505
12505
12505
12505
12505
12505
12505
12505
12756
12756
12859
12859
12961
12961
13047
13047
13641
13641
13641
13641
13641
13641
13641
13641
13641
13641
13641
13641
13641
13641
13641
13641
13641
13641
13641
13641
13641
13641
13741
13741
13741
13741
14121
14121
14121
14121
14121
14121
14164
14164
14539
14539
14539
14539
14539
14539
14539
14539
14539
14539
14702
14702
14774
14774
14774
14774
14936
14936
14936
14936
14985
14985
14985
14985
15066
15066
15231
15231
15231
15231
15231
15231
15231
15231
15231
15231
15231
15231
15708
15708
15719
15719
15719
15719
15719
15719
15719
15719
15747
15747
16186
16186
16186
16186
16186
16186
16187
16187
16187
16187
16187
16187
16187
16187
16187
16187
16314
16314
16314
16314
17016
17016
17016
17016
17016
17016
17016
17016
17098
17098
17234
17234
17234
17234
17409
17409
17409
17409
17409
17409
17409
17409
17967
17967
17967
17967
17967
17967
17967
17967
18319
18319
18319
18319
18319
18319
18353
18353
18495
18495
18495
18495
18495
18495
18495
18495
18495
18495
18495
18495
18495
18495
18495
18495
18495
18495
18495
18495
18495
18495
18495
18495
18524
18524
18528
18528
19437
19437
19437
19437
19506
19506
19884
19884
19950
19950
20219
20219
20219
20219
20219
20219
20219
20219
20219
20219
22471
22471
22477
22477
22477
22477
22867
22867
22867
22867
22867
22867
22867
22867
22867
22867
22867
22867
22867
22867
22867
22867
22867
22867
22867
22867
22867
22867
22867
22867
22867
22867
22867
22867
22867
22867
23858
23858
23858
23858
24189
24189
24189
24189
24189
24189
24189
24189
24189
24189
24189
24189
24189
24189
24189
24189
24189
24189
24189
24189
24189
24189
24189
24189
24189
24189
24189
24189
24189
24189
24189
24189
24189
24189
24189
24189
24205
24205
24435
24435
24547
24547
24547
24547
25034
25034
25034
25034
25587
25587
25587
25587
25587
25587
25587
25587
26295
26295
26295
26295
26295
26295
26295
26295
26295
26295
26298
26298
26298
26298
26298
26298
26298
26298
26298
26298
26298
26298
26298
26298
26298
26298
26298
26298
26298
26298
26298
26298
26298
26298
26298
26298
26298
26298
26627
26627
26627
26627
26627
26627
27185
27185
27268
27268
27273
27273
27316
27316
27316
27316
27316
27316
27316
27316
27316
27316
27316
27316
27316
27316
27316
27316
27437
27437
27577
27577
27628
27628
28318
28318
28364
28364
28661
28661
28661
28661
28661
28661
28948
28948
28948
28948
28948
28948
29781
29781
30129
30129
30129
30129
30458
30458
30458
30458
30458
30458
30458
30458
30458
30458
30795
30795
33665
33665
33665
33665
33665
33665
6393
6393
6401
6401
6401
6401
6409
6409
6409
6409
6432
6432
8277
8277
8277
8277
8277
8277
8277
8277
8277
8277
8277
8277
8431
8431
8646
8646
8646
8646
8646
8646
8646
8646
8678
8678
8678
8678
8678
8678
8678
8678
9096
9096
9182
9182
9298
9298
9298
9298
9298
9298
9643
9643
9643
9643
9827
9827
9958
9958
10214
10214
12136
12136
12136
12136
12136
12136
12136
12136
12136
12136
12136
12136
12136
12136
12421
12421
12421
12421
12421
12421
12421
12421
12421
12421
12421
12421
12421
12421
12421
12421
12421
12421
12421
12421
12421
12421
12421
12421
12421
12421
12421
12421
12499
12499
12511
12511
12518
12518
12534
12534
14615
14615
14734
14734
15726
15726
17384
17384
17658
17658
18316
18316
18392
18392
18517
18517
19312
19312
19410
19410
20288
20288
21343
21343
21403
21403
21403
21403
21447
21447
21447
21447
21472
21472
21491
21491
21566
21566
21831
21831
21895
21895
21895
21895
21895
21895
21910
21910
21910
21910
21910
21910
21910
21910
21910
21910
21910
21910
21910
21910
21910
21910
21910
21910
21926
21926
21926
21926
21926
21926
21926
21926
21926
21926
21932
21932
21932
21932
21934
21934
21937
21937
21937
21937
21937
21937
21937
21937
21937
21937
21937
21937
21937
21937
21937
21937
21937
21937
21937
21937
21937
21937
21937
21937
21937
21937
21937
21937
21937
21937
21939
21939
21939
21939
21945
21945
21945
21945
21945
21945
21945
21945
21949
21949
21949
21949
21949
21949
22059
22059
22059
22059
22074
22074
22074
22074
22098
22098
22098
22098
22098
22098
22098
22098
22098
22098
22098
22098
22098
22098
22098
22098
22098
22098
22098
22098
22098
22098
22098
22098
22098
22098
22098
22098
22098
22098
22098
22098
22098
22098
22105
22105
22110
22110
22110
22110
22110
22110
22129
22129
22136
22136
22136
22136
22136
22136
22228
22228
22228
22228
22228
22228
22233
22233
22233
22233
22233
22233
22394
22394
22394
22394
22394
22394
22394
22394
22394
22394
22394
22394
22394
22394
22394
22394
22539
22539
22539
22539
22539
22539
22539
22539
22539
22539
22539
22539
22539
22539
22539
22539
22539
22539
22539
22539
22539
22539
22539
22539
22539
22539
22539
22539
22539
22539
22539
22539
22539
22539
22787
22787
22854
22854
22854
22854
22854
22854
22854
22854
22864
22864
22864
22864
22996
22996
22996
22996
23014
23014
23014
23014
23034
23034
23034
23034
23034
23034
23034
23034
23034
23034
23034
23034
23034
23034
23034
23034
23034
23034
23034
23034
23034
23034
23042
23042
23042
23042
23116
23116
23116
23116
23116
23116
23116
23116
23116
23116
23139
23139
23139
23139
23139
23139
23362
23362
23411
23411
23443
23443
23443
23443
23443
23443
23513
23513
23513
23513
23552
23552
23698
23698
23698
23698
23698
23698
23698
23698
23733
23733
23733
23733
23733
23733
23819
23819
23826
23826
23826
23826
23867
23867
23867
23867
23890
23890
23890
23890
23890
23890
23890
23890
23890
23890
23918
23918
23918
23918
23918
23918
23918
23918
23918
23918
23938
23938
24027
24027
24185
24185
24185
24185
24185
24185
24185
24185
24185
24185
24241
24241
24285
24285
24293
24293
24293
24293
24293
24293
24339
24339
24339
24339
24472
24472
24472
24472
24498
24498
24545
24545
24556
24556
24775
24775
24775
24775
24775
24775
24775
24775
24775
24775
24775
24775
24775
24775
24775
24775
24775
24775
24775
24775
24775
24775
24775
24775
24968
24968
25038
25038
25147
25147
25435
25435
25435
25435
25435
25435
25435
25435
25435
25435
25571
25571
25571
25571
25571
25571
25584
25584
25584
25584
25624
25624
25624
25624
25624
25624
25882
25882
25943
25943
25943
25943
26034
26034
26050
26050
26050
26050
26050
26050
26063
26063
26251
26251
26254
26254
26319
26319
26319
26319
26380
26380
26435
26435
26435
26435
26629
26629
26629
26629
26633
26633
26633
26633
26685
26685
26768
26768
26768
26768
26806
26806
26840
26840
26840
26840
26840
26840
26840
26840
26840
26840
26900
26900
26961
26961
26961
26961
26961
26961
26980
26980
26980
26980
26980
26980
26980
26980
26980
26980
26986
26986
27039
27039
27065
27065
27065
27065
27112
27112
27112
27112
27112
27112
27202
27202
27353
27353
27353
27353
27353
27353
27353
27353
27353
27353
27353
27353
27353
27353
27353
27353
27353
27353
27353
27353
27353
27353
27353
27353
27353
27353
27353
27353
27353
27353
27353
27353
27353
27353
27517
27517
27517
27517
27517
27517
27517
27517
27517
27517
27517
27517
27517
27517
27517
27517
27517
27517
27517
27517
27517
27517
27517
27517
27517
27517
27517
27517
27600
27600
27614
27614
27679
27679
27679
27679
27679
27679
27679
27679
27688
27688
27688
27688
27688
27688
27688
27688
27688
27688
27688
27688
27688
27688
27688
27688
27804
27804
27804
27804
27804
27804
27804
27804
27804
27804
27804
27804
27804
27804
27880
27880
27880
27880
27895
27895
27895
27895
27957
27957
27957
27957
27957
27957
27957
27957
28110
28110
28311
28311
28312
28312
28331
28331
28455
28455
28472
28472
28472
28472
28472
28472
28543
28543
28543
28543
28543
28543
28543
28543
28543
28543
29013
29013
29054
29054
29163
29163
29163
29163
29191
29191
29348
29348
29348
29348
29760
29760
29760
29760
29760
29760
29760
29760
29760
29760
29760
29760
29812
29812
29812
29812
29906
29906
29906
29906
29906
29906
29906
29906
29906
29906
29906
29906
29906
29906
29906
29906
29906
29906
29906
29906
30000
30000
30000
30000
30000
30000
30000
30000
30000
30000
30000
30000
30000
30000
30000
30000
30010
30010
30010
30010
30010
30010
30010
30010
30155
30155
30155
30155
30155
30155
30155
30155
30155
30155
30155
30155
30155
30155
30155
30155
30155
30155
30375
30375
30375
30375
30442
30442
30889
30889
30892
30892
30892
30892
30902
30902
31096
31096
31096
31096
31103
31103
31103
31103
31155
31155
31529
31529
31529
31529
31557
31557
31557
31557
31557
31557
31557
31557
31827
31827
31827
31827
31888
31888
31888
31888
31888
31888
31888
31888
31888
31888
31888
31888
31888
31888
31888
31888
31888
31888
32060
32060
32060
32060
32065
32065
32065
32065
32157
32157
32285
32285
32341
32341
32341
32341
32341
32341
32440
32440
32862
32862
32862
32862
32862
32862
32862
32862
32862
32862
32862
32862
33304
33304
33304
33304
33308
33308
33308
33308
33308
33308
33308
33308
33308
33308
33308
33308
33308
33308
33308
33308
33364
33364
33880
33880
33880
33880
4818
4818
4818
4818
6244
6244
6244
6244
6309
6309
6309
6309
7005
7005
7043
7043
7128
7128
7128
7128
7157
7157
7356
7356
7519
7519
7519
7519
7519
7519
7543
7543
7600
7600
7600
7600
7600
7600
7600
7600
7600
7600
7600
7600
7600
7600
7600
7600
7600
7600
7600
7600
7819
7819
7819
7819
7899
7899
7899
7899
7899
7899
7899
7899
7899
7899
7899
7899
7899
7899
7899
7899
7899
7899
7899
7899
7899
7899
7899
7899
7899
7899
7899
7899
7899
7899
7986
7986
7986
7986
7986
7986
7986
7986
7986
7986
7986
7986
7986
7986
8042
8042
8077
8077
8077
8077
8077
8077
8077
8077
8077
8077
8077
8077
8077
8077
8077
8077
8077
8077
8184
8184
8184
8184
8184
8184
8184
8184
8184
8184
8184
8184
8184
8184
8184
8184
8184
8184
8184
8184
8184
8184
8184
8184
8184
8184
8184
8184
8328
8328
8328
8328
8328
8328
8328
8328
8328
8328
8328
8328
8328
8328
8328
8328
8328
8328
8328
8328
8328
8328
8328
8328
8376
8376
8411
8411
8412
8412
8529
8529
8529
8529
8529
8529
8529
8529
8529
8529
8529
8529
8529
8529
8529
8529
8529
8529
8529
8529
8529
8529
8529
8529
8529
8529
8529
8529
8540
8540
8540
8540
8590
8590
8590
8590
8590
8590
8624
8624
8793
8793
9031
9031
9031
9031
9031
9031
9031
9031
9031
9031
9031
9031
9054
9054
9054
9054
9054
9054
9061
9061
9061
9061
9061
9061
9070
9070
9071
9071
9071
9071
9071
9071
9071
9071
9071
9071
9071
9071
9071
9071
9071
9071
9071
9071
9071
9071
9071
9071
9071
9071
9071
9071
9071
9071
9071
9071
9071
9071
9071
9071
9071
9071
9100
9100
9113
9113
9113
9113
9113
9113
9113
9113
9113
9113
9113
9113
9113
9113
9113
9113
9113
9113
9113
9113
9113
9113
9113
9113
9113
9113
9113
9113
9113
9113
9183
9183
9183
9183
9183
9183
9183
9183
9183
9183
9183
9183
9183
9183
9183
9183
9183
9183
9183
9183
9183
9183
9183
9183
9183
9183
9183
9183
9183
9183
9183
9183
9225
9225
9225
9225
9225
9225
9249
9249
9368
9368
9368
9368
9368
9368
9368
9368
9412
9412
9412
9412
9412
9412
9412
9412
9412
9412
9423
9423
9423
9423
9455
9455
9455
9455
9455
9455
9455
9455
9459
9459
9465
9465
9465
9465
9465
9465
9465
9465
9465
9465
9465
9465
9465
9465
9465
9465
9465
9465
9465
9465
9465
9465
9465
9465
9465
9465
9465
9465
9465
9465
9465
9465
9535
9535
9535
9535
9550
9550
9550
9550
9556
9556
9589
9589
9631
9631
9760
9760
9760
9760
9760
9760
9760
9760
9828
9828
9828
9828
9828
9828
9828
9828
9841
9841
9841
9841
9846
9846
9846
9846
9846
9846
9846
9846
9846
9846
9846
9846
9984
9984
10088
10088
10205
10205
10205
10205
10208
10208
10208
10208
10208
10208
10208
10208
10238
10238
10238
10238
10238
10238
10238
10238
10238
10238
10238
10238
10238
10238
10238
10238
10238
10238
10238
10238
10238
10238
10241
10241
10241
10241
10241
10241
10241
10241
10241
10241
10241
10241
10241
10241
10241
10241
10241
10241
10241
10241
10241
10241
10241
10241
10241
10241
10241
10241
10241
10241
10442
10442
10480
10480
10480
10480
10480
10480
10480
10480
10480
10480
10480
10480
10500
10500
10862
10862
10862
10862
10862
10862
10862
10862
10862
10862
10862
10862
10862
10862
10862
10862
10862
10862
10862
10862
10862
10862
10862
10862
10862
10862
10862
10862
10862
10862
10862
10862
10862
10862
10862
10862
10862
10862
10928
10928
10928
10928
10928
10928
10928
10928
10928
10928
10928
10928
10928
10928
10928
10928
10928
10928
10928
10928
10928
10928
10928
10928
10928
10928
10928
10928
10928
10928
10928
10928
10928
10928
10928
10928
11063
11063
11063
11063
11063
11063
11063
11063
11063
11063
11063
11063
11182
11182
11182
11182
11182
11182
11219
11219
11346
11346
11351
11351
11399
11399
11471
11471
11471
11471
11537
11537
11537
11537
11537
11537
11537
11537
11537
11537
11570
11570
11570
11570
11570
11570
11570
11570
11570
11570
11570
11570
11570
11570
11570
11570
11836
11836
11849
11849
11858
11858
11865
11865
11866
11866
11871
11871
11962
11962
11962
11962
11962
11962
11962
11962
11962
11962
11962
11962
11962
11962
11962
11962
11962
11962
11962
11962
11962
11962
11962
11962
11962
11962
11962
11962
11962
11962
12167
12167
12167
12167
12167
12167
12167
12167
12167
12167
12167
12167
12167
12167
12313
12313
12370
12370
12562
12562
12562
12562
12562
12562
12562
12562
12562
12562
12562
12562
12573
12573
12573
12573
12573
12573
12573
12573
12573
12573
12582
12582
12582
12582
12582
12582
12609
12609
12630
12630
12630
12630
12695
12695
12770
12770
12770
12770
12781
12781
12781
12781
12781
12781
12781
12781
12781
12781
12781
12781
12781
12781
12781
12781
12781
12781
12781
12781
13166
13166
13166
13166
13287
13287
13353
13353
13482
13482
13482
13482
13482
13482
13482
13482
13482
13482
13482
13482
13482
13482
13482
13482
13482
13482
13482
13482
13482
13482
13483
13483
13483
13483
13594
13594
13594
13594
13594
13594
13596
13596
13596
13596
13596
13596
13596
13596
13596
13596
13683
13683
13705
13705
13705
13705
13705
13705
13709
13709
13709
13709
13709
13709
13709
13709
13709
13709
13709
13709
13709
13709
13709
13709
13709
13709
13709
13709
13727
13727
13727
13727
13736
13736
13736
13736
13736
13736
13736
13736
13745
13745
13745
13745
13745
13745
13745
13745
13745
13745
13745
13745
13745
13745
13745
13745
13745
13745
13745
13745
13754
13754
13759
13759
13759
13759
13759
13759
13761
13761
13778
13778
13792
13792
13991
13991
13991
13991
13991
13991
13991
13991
13991
13991
13991
13991
13991
13991
13991
13991
13991
13991
13991
13991
13991
13991
13991
13991
14071
14071
14071
14071
14071
14071
14142
14142
14142
14142
14142
14142
14142
14142
14142
14142
14142
14142
14142
14142
14142
14142
14142
14142
14142
14142
14142
14142
14142
14142
14142
14142
14142
14142
14233
14233
14340
14340
14471
14471
14471
14471
14534
14534
14534
14534
14659
14659
14669
14669
14669
14669
14669
14669
14669
14669
14669
14669
14669
14669
14669
14669
14669
14669
14669
14669
14669
14669
14669
14669
14669
14669
14669
14669
14669
14669
14669
14669
14669
14669
14669
14669
14669
14669
14669
14669
14777
14777
14777
14777
14777
14777
14777
14777
14777
14777
14777
14777
14777
14777
14777
14777
14777
14777
14777
14777
14777
14777
14922
14922
14981
14981
15001
15001
15001
15001
15001
15001
15001
15001
15001
15001
15002
15002
15025
15025
15025
15025
15025
15025
15025
15025
15025
15025
15025
15025
15025
15025
15025
15025
15025
15025
15025
15025
15025
15025
15025
15025
15025
15025
15025
15025
15025
15025
15025
15025
15025
15025
15101
15101
15105
15105
15137
15137
15286
15286
15286
15286
15286
15286
15286
15286
15411
15411
15411
15411
15411
15411
15411
15411
15411
15411
15411
15411
15505
15505
15635
15635
15712
15712
15712
15712
15732
15732
15732
15732
15732
15732
15732
15732
15732
15732
15732
15732
15732
15732
15732
15732
15732
15732
15732
15732
15732
15732
15740
15740
15740
15740
15740
15740
15740
15740
15740
15740
15740
15740
15740
15740
15740
15740
15740
15740
15740
15740
15740
15740
15740
15740
15740
15740
15740
15740
15740
15740
15775
15775
15775
15775
15782
15782
15871
15871
15871
15871
15871
15871
15871
15871
15871
15871
15871
15871
15871
15871
15871
15871
16136
16136
16265
16265
16304
16304
16523
16523
16779
16779
16837
16837
16837
16837
16842
16842
16842
16842
16842
16842
16853
16853
16902
16902
16988
16988
16988
16988
16988
16988
16988
16988
16988
16988
16988
16988
16988
16988
17021
17021
17142
17142
17142
17142
17142
17142
17142
17142
17142
17142
17142
17142
17142
17142
17142
17142
17142
17142
17142
17142
17142
17142
17142
17142
17142
17142
17256
17256
17410
17410
17443
17443
17612
17612
17824
17824
17824
17824
17902
17902
17916
17916
18121
18121
18121
18121
18121
18121
18121
18121
18121
18121
18121
18121
18121
18121
18121
18121
18121
18121
18121
18121
18121
18121
18121
18121
18121
18121
18121
18121
18124
18124
18124
18124
18124
18124
18124
18124
18124
18124
18124
18124
18124
18124
18124
18124
18124
18124
18124
18124
18124
18124
18124
18124
18124
18124
18138
18138
18148
18148
18159
18159
18190
18190
18190
18190
18190
18190
18190
18190
18190
18190
18190
18190
18190
18190
18190
18190
18190
18190
18190
18190
18190
18190
18190
18190
18190
18190
18190
18190
18190
18190
18190
18190
18232
18232
18232
18232
18232
18232
18270
18270
18270
18270
18270
18270
18270
18270
18270
18270
18270
18270
18270
18270
18308
18308
18308
18308
18308
18308
18308
18308
18308
18308
18308
18308
18308
18308
18308
18308
18308
18308
18322
18322
18567
18567
18567
18567
18567
18567
18567
18567
18567
18567
18567
18567
18567
18567
18614
18614
18671
18671
18671
18671
18671
18671
18671
18671
18671
18671
18671
18671
18671
18671
18671
18671
18671
18671
18671
18671
18671
18671
18671
18671
18671
18671
18671
18671
18671
18671
18671
18671
18671
18671
18671
18671
18671
18671
18671
18671
18671
18671
18671
18671
18745
18745
18745
18745
18745
18745
18745
18745
18745
18745
18745
18745
18786
18786
18786
18786
19349
19349
19349
19349
19349
19349
19366
19366
19491
19491
19538
19538
19538
19538
19538
19538
19538
19538
19538
19538
19538
19538
19538
19538
19538
19538
19538
19538
19538
19538
19538
19538
19538
19538
19538
19538
19538
19538
19623
19623
19623
19623
19623
19623
19623
19623
19623
19623
19623
19623
19623
19623
19623
19623
19623
19623
19623
19623
19623
19623
19623
19623
19623
19623
19623
19623
19623
19623
19623
19623
19623
19623
19630
19630
19675
19675
19782
19782
19782
19782
19782
19782
19782
19782
19782
19782
19782
19782
19782
19782
19782
19782
19782
19782
19782
19782
19782
19782
19782
19782
19782
19782
19782
19782
19782
19782
19782
19782
19782
19782
19782
19782
19782
19782
19792
19792
19792
19792
19938
19938
20017
20017
20017
20017
20017
20017
20141
20141
20159
20159
20166
20166
20166
20166
20166
20166
20166
20166
20166
20166
20166
20166
20166
20166
20166
20166
20166
20166
20166
20166
20166
20166
20166
20166
20166
20166
20166
20166
20166
20166
20166
20166
20166
20166
20166
20166
20166
20166
20166
20166
20166
20166
20166
20166
20166
20166
20166
20166
20344
20344
20344
20344
20344
20344
20344
20344
20354
20354
20473
20473
20473
20473
20473
20473
20473
20473
20473
20473
20473
20473
20473
20473
20473
20473
20473
20473
20473
20473
20491
20491
20491
20491
20491
20491
20534
20534
20534
20534
20534
20534
20534
20534
20534
20534
20534
20534
20534
20534
20534
20534
20772
20772
20772
20772
20772
20772
20772
20772
20772
20772
20772
20772
20772
20772
20803
20803
20962
20962
21018
21018
21018
21018
21018
21018
21029
21029
21129
21129
21129
21129
21129
21129
21194
21194
21194
21194
21206
21206
21268
21268
21268
21268
21268
21268
21288
21288
21288
21288
21288
21288
21288
21288
21325
21325
21380
21380
21380
21380
21380
21380
21380
21380
21380
21380
21380
21380
21380
21380
21380
21380
21380
21380
21384
21384
21384
21384
21384
21384
21384
21384
21384
21384
21384
21384
21404
21404
21480
21480
21480
21480
21480
21480
21550
21550
21663
21663
21663
21663
21663
21663
21663
21663
21672
21672
21672
21672
21672
21672
21682
21682
21682
21682
21854
21854
21854
21854
21854
21854
21854
21854
22012
22012
22012
22012
22012
22012
22012
22012
22087
22087
22087
22087
22087
22087
22087
22087
22087
22087
22087
22087
22087
22087
22087
22087
22176
22176
22392
22392
22392
22392
22392
22392
22392
22392
22392
22392
22392
22392
22392
22392
22392
22392
22392
22392
22392
22392
22392
22392
22392
22392
22392
22392
22392
22392
22414
22414
22414
22414
22414
22414
22447
22447
22447
22447
22447
22447
22447
22447
22447
22447
22447
22447
22447
22447
22447
22447
22447
22447
22447
22447
22674
22674
22699
22699
22699
22699
22699
22699
22699
22699
22699
22699
22699
22699
22699
22699
22699
22699
22699
22699
22699
22699
22699
22699
22699
22699
22699
22699
22699
22699
22911
22911
22911
22911
22911
22911
23124
23124
23290
23290
23290
23290
23543
23543
23543
23543
23543
23543
23543
23543
23543
23543
23543
23543
23543
23543
23543
23543
23543
23543
23543
23543
23543
23543
23543
23543
23637
23637
23648
23648
23648
23648
23648
23648
23710
23710
23750
23750
23750
23750
23750
23750
23796
23796
23870
23870
23870
23870
23870
23870
23976
23976
23976
23976
23976
23976
23976
23976
23976
23976
23976
23976
23976
23976
23976
23976
23976
23976
23976
23976
23976
23976
23976
23976
23976
23976
24105
24105
24105
24105
24105
24105
24230
24230
24230
24230
24230
24230
24291
24291
24309
24309
24309
24309
24309
24309
24327
24327
24327
24327
24327
24327
24327
24327
24327
24327
24327
24327
24327
24327
24327
24327
24327
24327
24327
24327
24327
24327
24327
24327
24327
24327
24327
24327
24327
24327
24327
24327
24542
24542
24542
24542
24542
24542
24542
24542
24652
24652
24652
24652
24652
24652
24652
24652
24652
24652
24652
24652
24885
24885
24885
24885
24885
24885
24885
24885
24885
24885
24885
24885
24885
24885
24885
24885
24885
24885
24885
24885
24885
24885
24926
24926
24926
24926
24926
24926
24960
24960
24964
24964
25099
25099
25129
25129
25129
25129
25129
25129
25334
25334
25666
25666
25666
25666
25666
25666
25666
25666
25666
25666
25719
25719
25719
25719
25719
25719
25720
25720
25720
25720
25720
25720
25720
25720
25720
25720
26375
26375
26464
26464
26464
26464
26464
26464
26464
26464
26464
26464
26464
26464
26464
26464
26464
26464
26624
26624
26624
26624
26743
26743
26743
26743
26786
26786
26786
26786
26786
26786
26982
26982
26982
26982
27034
27034
27034
27034
27034
27034
27034
27034
27034
27034
27034
27034
27034
27034
27034
27034
27034
27034
27034
27034
27034
27034
27034
27034
27034
27034
27034
27034
27034
27034
27034
27034
27034
27034
27034
27034
27034
27034
27034
27034
27034
27034
27034
27034
27034
27034
27049
27049
27049
27049
27049
27049
27049
27049
27049
27049
27049
27049
27049
27049
27049
27049
27049
27049
27049
27049
27049
27049
27049
27049
27049
27049
27049
27049
27049
27049
27049
27049
27049
27049
27049
27049
27049
27049
27049
27049
27049
27049
27049
27049
27049
27049
27049
27049
27049
27049
27049
27049
27074
27074
27074
27074
27074
27074
27074
27074
27074
27074
27074
27074
27074
27074
27074
27074
27074
27074
27074
27074
27197
27197
27208
27208
27277
27277
27277
27277
27405
27405
27405
27405
27405
27405
27420
27420
27420
27420
27420
27420
27420
27420
27420
27420
27420
27420
27420
27420
27420
27420
27484
27484
27644
27644
27644
27644
27645
27645
27645
27645
27648
27648
27648
27648
27648
27648
27810
27810
27810
27810
27810
27810
27810
27810
27810
27810
27810
27810
27860
27860
28059
28059
28059
28059
28059
28059
28059
28059
28059
28059
28059
28059
28078
28078
28078
28078
28086
28086
28086
28086
28086
28086
28086
28086
28086
28086
28086
28086
28086
28086
28086
28086
28086
28086
28086
28086
28086
28086
28086
28086
28292
28292
28407
28407
28407
28407
28412
28412
28414
28414
28649
28649
28692
28692
28692
28692
28748
28748
28785
28785
28785
28785
28785
28785
28785
28785
28785
28785
28785
28785
28785
28785
28785
28785
28850
28850
28894
28894
28894
28894
28894
28894
28894
28894
28894
28894
28894
28894
28894
28894
28894
28894
28894
28894
28894
28894
28894
28894
28937
28937
28937
28937
28937
28937
28937
28937
29080
29080
29230
29230
29251
29251
29271
29271
29271
29271
29271
29271
29271
29271
29271
29271
29271
29271
29271
29271
29271
29271
29271
29271
29271
29271
29271
29271
29271
29271
29271
29271
29394
29394
29422
29422
29422
29422
29422
29422
29422
29422
29422
29422
29422
29422
29422
29422
29422
29422
29422
29422
29422
29422
29422
29422
29422
29422
29422
29422
29422
29422
29422
29422
29422
29422
29422
29422
29526
29526
29527
29527
29527
29527
29527
29527
29527
29527
29527
29527
29527
29527
29527
29527
29527
29527
29561
29561
29656
29656
29656
29656
29656
29656
29656
29656
29656
29656
29656
29656
29656
29656
29656
29656
29656
29656
29656
29656
29656
29656
29656
29656
29656
29656
30151
30151
30194
30194
30194
30194
30194
30194
30194
30194
30194
30194
30194
30194
30194
30194
30194
30194
30194
30194
30194
30194
30194
30194
30194
30194
30194
30194
30194
30194
30194
30194
30214
30214
30214
30214
30214
30214
30214
30214
30533
30533
30596
30596
30596
30596
30596
30596
30596
30596
30596
30596
30596
30596
30596
30596
30596
30596
30596
30596
30596
30596
30596
30596
30596
30596
30596
30596
30596
30596
30596
30596
30596
30596
30596
30596
30596
30596
30596
30596
30596
30596
30596
30596
30596
30596
30596
30596
30596
30596
30596
30596
30596
30596
30596
30596
30654
30654
30654
30654
30654
30654
31091
31091
31111
31111
31111
31111
31316
31316
31466
31466
31500
31500
31500
31500
31500
31500
31518
31518
32046
32046
32046
32046
32046
32046
32124
32124
32188
32188
32188
32188
32188
32188
32188
32188
32188
32188
32188
32188
32188
32188
32620
32620
32668
32668
32668
32668
32725
32725
32725
32725
32725
32725
32725
32725
32725
32725
32725
32725
32725
32725
32855
32855
32864
32864
33288
33288
33288
33288
33288
33288
33288
33288
33288
33288
33288
33288
33288
33288
33288
33288
33288
33288
33288
33288
33288
33288
33294
33294
33294
33294
33294
33294
33294
33294
33294
33294
33294
33294
33294
33294
33294
33294
33294
33294
33294
33294
33294
33294
33299
33299
33299
33299
33725
33725
11200
11200
11791
11791
11791
11791
11791
11791
12567
12567
12888
12888
12888
12888
12888
12888
12888
12888
12888
12888
13800
13800
13800
13800
13800
13800
13800
13800
13800
13800
13800
13800
16273
16273
16273
16273
16395
16395
16868
16868
17057
17057
17565
17565
17565
17565
17565
17565
17565
17565
17565
17565
17565
17565
17565
17565
18452
18452
18636
18636
18636
18636
18659
18659
18659
18659
18663
18663
18663
18663
18708
18708
18795
18795
18856
18856
18856
18856
18861
18861
18988
18988
18988
18988
19254
19254
19279
19279
19407
19407
20946
20946
20946
20946
20946
20946
20961
20961
20961
20961
21448
21448
23403
23403
23947
23947
24052
24052
24188
24188
24496
24496
24496
24496
24496
24496
24719
24719
24854
24854
25052
25052
25052
25052
25301
25301
26023
26023
26083
26083
26087
26087
26157
26157
27245
27245
27304
27304
27352
27352
27503
27503
27637
27637
27817
27817
27817
27817
27928
27928
28728
28728
29065
29065
29065
29065
29065
29065
29065
29065
29089
29089
30207
30207
30207
30207
30207
30207
4827
4827
6141
6141
6146
6146
6332
6332
6332
6332
6332
6332
6332
6332
6332
6332
6332
6332
6332
6332
6332
6332
6332
6332
6332
6332
6332
6332
6505
6505
6505
6505
6867
6867
6867
6867
7038
7038
7112
7112
7112
7112
7165
7165
7230
7230
7230
7230
7380
7380
7639
7639
7807
7807
7807
7807
7807
7807
7807
7807
7807
7807
7807
7807
7807
7807
8192
8192
8192
8192
8294
8294
8551
8551
8557
8557
8557
8557
8557
8557
8557
8557
8557
8557
8557
8557
8557
8557
8557
8557
8557
8557
8573
8573
8573
8573
8573
8573
8573
8573
8573
8573
8573
8573
8573
8573
8573
8573
8573
8573
8573
8573
8573
8573
8573
8573
8573
8573
8602
8602
8620
8620
8620
8620
8620
8620
8620
8620
8620
8620
8620
8620
8633
8633
8633
8633
8633
8633
8633
8633
8633
8633
8633
8633
8633
8633
8633
8633
8633
8633
8633
8633
8633
8633
8633
8633
8633
8633
8633
8633
8633
8633
8633
8633
9042
9042
9042
9042
9042
9042
9042
9042
9042
9042
9042
9042
9042
9042
9042
9042
9042
9042
9042
9042
9042
9042
9042
9042
9042
9042
9042
9042
9042
9042
9042
9042
9319
9319
9319
9319
9464
9464
9616
9616
9719
9719
9719
9719
9719
9719
10071
10071
10071
10071
10203
10203
10203
10203
10203
10203
10203
10203
10203
10203
10203
10203
11243
11243
11870
11870
12291
12291
12303
12303
12317
12317
12559
12559
12598
12598
12656
12656
12867
12867
12974
12974
12974
12974
13305
13305
13653
13653
13653
13653
13653
13653
13653
13653
13653
13653
13653
13653
13680
13680
13821
13821
13821
13821
13924
13924
13924
13924
13924
13924
14443
14443
14501
14501
14501
14501
14501
14501
14501
14501
14581
14581
14738
14738
14829
14829
14829
14829
14841
14841
14854
14854
14855
14855
14968
14968
14968
14968
14968
14968
15204
15204
15389
15389
15389
15389
15389
15389
15466
15466
15466
15466
15466
15466
15548
15548
15548
15548
15548
15548
15548
15548
15548
15548
15548
15548
15674
15674
16062
16062
16062
16062
16062
16062
16303
16303
16573
16573
16573
16573
16573
16573
16573
16573
16623
16623
17052
17052
17052
17052
17052
17052
17052
17052
17052
17052
17052
17052
17107
17107
17107
17107
17389
17389
17521
17521
17521
17521
17575
17575
17575
17575
17604
17604
17604
17604
17604
17604
17604
17604
17604
17604
17604
17604
17604
17604
17604
17604
17912
17912
17912
17912
17912
17912
17912
17912
17912
17912
17912
17912
17912
17912
17912
17912
17912
17912
17912
17912
17912
17912
17912
17912
17912
17912
17947
17947
18301
18301
18464
18464
18680
18680
18680
18680
18680
18680
18680
18680
18724
18724
18815
18815
18815
18815
18834
18834
18834
18834
18906
18906
18999
18999
19109
19109
19109
19109
19109
19109
19109
19109
19109
19109
19109
19109
19109
19109
19109
19109
19489
19489
19489
19489
19732
19732
19732
19732
19732
19732
19732
19732
19732
19732
19732
19732
19732
19732
19732
19732
19732
19732
19732
19732
19732
19732
19906
19906
19906
19906
19906
19906
19955
19955
19955
19955
20043
20043
20043
20043
20043
20043
20043
20043
20043
20043
20346
20346
20691
20691
20698
20698
20698
20698
20698
20698
20801
20801
20801
20801
20830
20830
20886
20886
20886
20886
21002
21002
21011
21011
21013
21013
21073
21073
21073
21073
21462
21462
21462
21462
21729
21729
21729
21729
21729
21729
21729
21729
21729
21729
21729
21729
21729
21729
22677
22677
22677
22677
22677
22677
22677
22677
22677
22677
22677
22677
22758
22758
22758
22758
22758
22758
23759
23759
23859
23859
23859
23859
23863
23863
24152
24152
24152
24152
24152
24152
24282
24282
24620
24620
24620
24620
24935
24935
24961
24961
24961
24961
25901
25901
25901
25901
25901
25901
25901
25901
25901
25901
25901
25901
25975
25975
26097
26097
26659
26659
26669
26669
26669
26669
26675
26675
26721
26721
26721
26721
27231
27231
27259
27259
27511
27511
27659
27659
27697
27697
27977
27977
27990
27990
27990
27990
28020
28020
28586
28586
28586
28586
28586
28586
28586
28586
28586
28586
28709
28709
29312
29312
29715
29715
29979
29979
31349
31349
31515
31515
31515
31515
31515
31515
31691
31691
31691
31691
31691
31691
31936
31936
31936
31936
31936
31936
31958
31958
31958
31958
4842
4842
4864
4864
4864
4864
4864
4864
4864
4864
4864
4864
4864
4864
4864
4864
4864
4864
5546
5546
5546
5546
5923
5923
5923
5923
5923
5923
6553
6553
6553
6553
6553
6553
6553
6553
6553
6553
6553
6553
6561
6561
6561
6561
6561
6561
6561
6561
6561
6561
6561
6561
6561
6561
6561
6561
6561
6561
6561
6561
6582
6582
6582
6582
6591
6591
6591
6591
6659
6659
6669
6669
6669
6669
6669
6669
6669
6669
6669
6669
6669
6669
6669
6669
6669
6669
6669
6669
6669
6669
6669
6669
6669
6669
6669
6669
6669
6669
6669
6669
6669
6669
6669
6669
6677
6677
6682
6682
6682
6682
6682
6682
6704
6704
7063
7063
7063
7063
7063
7063
7071
7071
7071
7071
7071
7071
7071
7071
7071
7071
7071
7071
7190
7190
7190
7190
7190
7190
7336
7336
7349
7349
7349
7349
7349
7349
7370
7370
7370
7370
7370
7370
7370
7370
7370
7370
7370
7370
7370
7370
7370
7370
7370
7370
7370
7370
7370
7370
7370
7370
7370
7370
7370
7370
7370
7370
7370
7370
7370
7370
7523
7523
7524
7524
7549
7549
7549
7549
7549
7549
7549
7549
7549
7549
7579
7579
7583
7583
7583
7583
7583
7583
7595
7595
7598
7598
7644
7644
7644
7644
7968
7968
7968
7968
8041
8041
8041
8041
8041
8041
8041
8041
8041
8041
8041
8041
8041
8041
8047
8047
8047
8047
8047
8047
8047
8047
8047
8047
8047
8047
8047
8047
8047
8047
8047
8047
8055
8055
8055
8055
8055
8055
8055
8055
8055
8055
8055
8055
8055
8055
8055
8055
8055
8055
8055
8055
8055
8055
8055
8055
8185
8185
8191
8191
8191
8191
8191
8191
8191
8191
8191
8191
8191
8191
8191
8191
8191
8191
8201
8201
8201
8201
8201
8201
8214
8214
8229
8229
8229
8229
8231
8231
8231
8231
8231
8231
8231
8231
8231
8231
8231
8231
8231
8231
8231
8231
8231
8231
8231
8231
8231
8231
8231
8231
8231
8231
8231
8231
8231
8231
8231
8231
8231
8231
8231
8231
8248
8248
8248
8248
8308
8308
8308
8308
8347
8347
8347
8347
8347
8347
8347
8347
8491
8491
8539
8539
8539
8539
8539
8539
8539
8539
8541
8541
8591
8591
8591
8591
8595
8595
8595
8595
8603
8603
8603
8603
8603
8603
8603
8603
8603
8603
8603
8603
8603
8603
8603
8603
8603
8603
8603
8603
8603
8603
8603
8603
8603
8603
8603
8603
8603
8603
8687
8687
8693
8693
8693
8693
8709
8709
8709
8709
8709
8709
8709
8709
8709
8709
8709
8709
8709
8709
8709
8709
8724
8724
8724
8724
8724
8724
8724
8724
8724
8724
8724
8724
8724
8724
8724
8724
8724
8724
8724
8724
8724
8724
8724
8724
8724
8724
8724
8724
8769
8769
8769
8769
8769
8769
8769
8769
8769
8769
8769
8769
8769
8769
8769
8769
8769
8769
8769
8769
8769
8769
8769
8769
8769
8769
8769
8769
8769
8769
8769
8769
8773
8773
8773
8773
8776
8776
8776
8776
8776
8776
8776
8776
8776
8776
8776
8776
8776
8776
8776
8776
8776
8776
8776
8776
8776
8776
8776
8776
8776
8776
8776
8776
8776
8776
8776
8776
8776
8776
8776
8776
8776
8776
8861
8861
8937
8937
9034
9034
9034
9034
9034
9034
9034
9034
9034
9034
9034
9034
9034
9034
9034
9034
9034
9034
9034
9034
9034
9034
9034
9034
9034
9034
9034
9034
9034
9034
9034
9034
9034
9034
9034
9034
9034
9034
9037
9037
9037
9037
9037
9037
9037
9037
9037
9037
9037
9037
9037
9037
9037
9037
9037
9037
9037
9037
9037
9037
9037
9037
9037
9037
9037
9037
9037
9037
9048
9048
9048
9048
9067
9067
9067
9067
9067
9067
9067
9067
9067
9067
9067
9067
9067
9067
9067
9067
9067
9067
9098
9098
9140
9140
9140
9140
9140
9140
9140
9140
9140
9140
9140
9140
9140
9140
9140
9140
9140
9140
9140
9140
9140
9140
9140
9140
9140
9140
9140
9140
9144
9144
9144
9144
9144
9144
9144
9144
9144
9144
9144
9144
9144
9144
9144
9144
9144
9144
9144
9144
9146
9146
9148
9148
9148
9148
9148
9148
9148
9148
9148
9148
9148
9148
9148
9148
9148
9148
9148
9148
9148
9148
9148
9148
9148
9148
9149
9149
9153
9153
9153
9153
9162
9162
9162
9162
9162
9162
9162
9162
9162
9162
9162
9162
9162
9162
9162
9162
9162
9162
9162
9162
9162
9162
9162
9162
9162
9162
9162
9162
9167
9167
9167
9167
9167
9167
9167
9167
9167
9167
9167
9167
9167
9167
9167
9167
9339
9339
9350
9350
9350
9350
9350
9350
9350
9350
9378
9378
9517
9517
9646
9646
9652
9652
9864
9864
9869
9869
9869
9869
9884
9884
9887
9887
9887
9887
9890
9890
9890
9890
9890
9890
9890
9890
9899
9899
9961
9961
9961
9961
9961
9961
9961
9961
9961
9961
9961
9961
9961
9961
9961
9961
9961
9961
9961
9961
9961
9961
9961
9961
9961
9961
9961
9961
9961
9961
9961
9961
9961
9961
9961
9961
9961
9961
10048
10048
10048
10048
10048
10048
10089
10089
10089
10089
10089
10089
10100
10100
10100
10100
10100
10100
10100
10100
10100
10100
10100
10100
10100
10100
10100
10100
10100
10100
10100
10100
10100
10100
10100
10100
10100
10100
10100
10100
10100
10100
10100
10100
10100
10100
10100
10100
10100
10100
10100
10100
10100
10100
10101
10101
10101
10101
10101
10101
10101
10101
10105
10105
10105
10105
10105
10105
10105
10105
10105
10105
10105
10105
10105
10105
10105
10105
10105
10105
10105
10105
10105
10105
10105
10105
10105
10105
10105
10105
10105
10105
10110
10110
10226
10226
10226
10226
10226
10226
10226
10226
10226
10226
10226
10226
10226
10226
10226
10226
10226
10226
10226
10226
10226
10226
10226
10226
10226
10226
10226
10226
10226
10226
10226
10226
10226
10226
10226
10226
10226
10226
10226
10226
10250
10250
10262
10262
10262
10262
10262
10262
10262
10262
10262
10262
10262
10262
10262
10262
10262
10262
10262
10262
10271
10271
10427
10427
10427
10427
10427
10427
10427
10427
10427
10427
10427
10427
10427
10427
10427
10427
10427
10427
10427
10427
10427
10427
10505
10505
10505
10505
10505
10505
10505
10505
10505
10505
10505
10505
10505
10505
10505
10505
10505
10505
10509
10509
10516
10516
10563
10563
10613
10613
10709
10709
10726
10726
10751
10751
10938
10938
10938
10938
10946
10946
11003
11003
11003
11003
11003
11003
11003
11003
11003
11003
11003
11003
11003
11003
11003
11003
11003
11003
11003
11003
11003
11003
11003
11003
11003
11003
11003
11003
11003
11003
11003
11003
11003
11003
11003
11003
11003
11003
11003
11003
11130
11130
11130
11130
11130
11130
11130
11130
11130
11130
11244
11244
11252
11252
11252
11252
11252
11252
11252
11252
11252
11252
11254
11254
11378
11378
11392
11392
11460
11460
11526
11526
11526
11526
11526
11526
11526
11526
11556
11556
11556
11556
11556
11556
11556
11556
11556
11556
11556
11556
11556
11556
11556
11556
11556
11556
11556
11556
11556
11556
11556
11556
11620
11620
11620
11620
11620
11620
11620
11620
11620
11620
11620
11620
11620
11620
11620
11620
11620
11620
11620
11620
11681
11681
11681
11681
11729
11729
11798
11798
11857
11857
11869
11869
11869
11869
11869
11869
11869
11869
11893
11893
11893
11893
11894
11894
11895
11895
11895
11895
11957
11957
11957
11957
11977
11977
11977
11977
12015
12015
12067
12067
12067
12067
12067
12067
12075
12075
12075
12075
12103
12103
12146
12146
12188
12188
12188
12188
12188
12188
12188
12188
12188
12188
12188
12188
12188
12188
12188
12188
12188
12188
12188
12188
12270
12270
12287
12287
12311
12311
12382
12382
12382
12382
12382
12382
12382
12382
12382
12382
12445
12445
12445
12445
12476
12476
12495
12495
12495
12495
12495
12495
12495
12495
12495
12495
12495
12495
12495
12495
12495
12495
12495
12495
12495
12495
12495
12495
12495
12495
12495
12495
12498
12498
12498
12498
12543
12543
12543
12543
12543
12543
12543
12543
12543
12543
12543
12543
12543
12543
12543
12543
12543
12543
12543
12543
12543
12543
12543
12543
12577
12577
12577
12577
12577
12577
12577
12577
12577
12577
12577
12577
12577
12577
12577
12577
12577
12577
12580
12580
12635
12635
12635
12635
12683
12683
12683
12683
12725
12725
12783
12783
12783
12783
12783
12783
12783
12783
12794
12794
12794
12794
12869
12869
12869
12869
12897
12897
13024
13024
13024
13024
13024
13024
13024
13024
13024
13024
13024
13024
13024
13024
13024
13024
13024
13024
13024
13024
13024
13024
13033
13033
13033
13033
13033
13033
13058
13058
13058
13058
13058
13058
13058
13058
13058
13058
13190
13190
13190
13190
13255
13255
13258
13258
13258
13258
13258
13258
13261
13261
13261
13261
13261
13261
13261
13261
13261
13261
13261
13261
13261
13261
13261
13261
13261
13261
13261
13261
13261
13261
13261
13261
13261
13261
13263
13263
13263
13263
13266
13266
13376
13376
13376
13376
13386
13386
13391
13391
13391
13391
13391
13391
13391
13391
13399
13399
13474
13474
13500
13500
13500
13500
13500
13500
13500
13500
13500
13500
13500
13500
13500
13500
13514
13514
13514
13514
13514
13514
13514
13514
13514
13514
13514
13514
13518
13518
13518
13518
13566
13566
13566
13566
13629
13629
13629
13629
13634
13634
13663
13663
13663
13663
13663
13663
13663
13663
13734
13734
13734
13734
13734
13734
13734
13734
13734
13734
13734
13734
13734
13734
13810
13810
13810
13810
13810
13810
13810
13810
13810
13810
13810
13810
13810
13810
13832
13832
13888
13888
13888
13888
13934
13934
13934
13934
14003
14003
14003
14003
14003
14003
14003
14003
14003
14003
14003
14003
14003
14003
14003
14003
14003
14003
14003
14003
14003
14003
14003
14003
14003
14003
14003
14003
14003
14003
14003
14003
14010
14010
14010
14010
14010
14010
14010
14010
14010
14010
14010
14010
14010
14010
14010
14010
14017
14017
14017
14017
14048
14048
14048
14048
14130
14130
14165
14165
14253
14253
14368
14368
14383
14383
14383
14383
14383
14383
14383
14383
14383
14383
14383
14383
14396
14396
14452
14452
14452
14452
14452
14452
14452
14452
14452
14452
14452
14452
14453
14453
14459
14459
14479
14479
14479
14479
14479
14479
14479
14479
14479
14479
14479
14479
14479
14479
14479
14479
14481
14481
14481
14481
14586
14586
14589
14589
14590
14590
14617
14617
14617
14617
14617
14617
14670
14670
14670
14670
14678
14678
14678
14678
14678
14678
14678
14678
14679
14679
14679
14679
14679
14679
14688
14688
14695
14695
14695
14695
14695
14695
14695
14695
14695
14695
14695
14695
14695
14695
14695
14695
14695
14695
14695
14695
14695
14695
14695
14695
14695
14695
14695
14695
14700
14700
14708
14708
14797
14797
14797
14797
14797
14797
14940
14940
14956
14956
15005
15005
15232
15232
15232
15232
15232
15232
15245
15245
15259
15259
15259
15259
15273
15273
15273
15273
15308
15308
15308
15308
15315
15315
15324
15324
15353
15353
15353
15353
15353
15353
15353
15353
15353
15353
15353
15353
15353
15353
15353
15353
15353
15353
15353
15353
15375
15375
15377
15377
15377
15377
15377
15377
15377
15377
15377
15377
15377
15377
15377
15377
15377
15377
15377
15377
15377
15377
15377
15377
15377
15377
15377
15377
15377
15377
15377
15377
15377
15377
15377
15377
15377
15377
15419
15419
15419
15419
15430
15430
15486
15486
15486
15486
15568
15568
15702
15702
15744
15744
15792
15792
15937
15937
15939
15939
15939
15939
15977
15977
16001
16001
16001
16001
16001
16001
16038
16038
16087
16087
16117
16117
16117
16117
16117
16117
16117
16117
16217
16217
16229
16229
16285
16285
16285
16285
16285
16285
16285
16285
16285
16285
16285
16285
16320
16320
16320
16320
16343
16343
16343
16343
16396
16396
16442
16442
16442
16442
16442
16442
16442
16442
16442
16442
16442
16442
16442
16442
16442
16442
16442
16442
16605
16605
16605
16605
16605
16605
16605
16605
16605
16605
16605
16605
16605
16605
16605
16605
16605
16605
16605
16605
16605
16605
16605
16605
16605
16605
16647
16647
16647
16647
16673
16673
16673
16673
16673
16673
16736
16736
16736
16736
16762
16762
16815
16815
16815
16815
16816
16816
16816
16816
16854
16854
16854
16854
16854
16854
16855
16855
16855
16855
16861
16861
16861
16861
16861
16861
16861
16861
16861
16861
16861
16861
16861
16861
16861
16861
16861
16861
16861
16861
16861
16861
16861
16861
16925
16925
16925
16925
16925
16925
16935
16935
16935
16935
16935
16935
16935
16935
16935
16935
16935
16935
16935
16935
16935
16935
16935
16935
16935
16935
16935
16935
16935
16935
16935
16935
16935
16935
16935
16935
17015
17015
17066
17066
17171
17171
17171
17171
17171
17171
17197
17197
17197
17197
17197
17197
17207
17207
17207
17207
17207
17207
17207
17207
17207
17207
17207
17207
17235
17235
17235
17235
17367
17367
17367
17367
17413
17413
17441
17441
17447
17447
17447
17447
17447
17447
17480
17480
17480
17480
17508
17508
17568
17568
17568
17568
17741
17741
17837
17837
17837
17837
17837
17837
17837
17837
17837
17837
17837
17837
17837
17837
17837
17837
17837
17837
17837
17837
17837
17837
17837
17837
17837
17837
17837
17837
17837
17837
17837
17837
17837
17837
17837
17837
17862
17862
17862
17862
17862
17862
17959
17959
17973
17973
17973
17973
17973
17973
17973
17973
17973
17973
17973
17973
17973
17973
17973
17973
17973
17973
17973
17973
17973
17973
17973
17973
17973
17973
17973
17973
17973
17973
17973
17973
17973
17973
18002
18002
18072
18072
18102
18102
18194
18194
18218
18218
18218
18218
18218
18218
18239
18239
18239
18239
18239
18239
18239
18239
18239
18239
18239
18239
18239
18239
18239
18239
18239
18239
18239
18239
18239
18239
18239
18239
18239
18239
18239
18239
18239
18239
18302
18302
18313
18313
18313
18313
18313
18313
18314
18314
18314
18314
18314
18314
18314
18314
18314
18314
18314
18314
18314
18314
18314
18314
18314
18314
18314
18314
18316
18316
18316
18316
18316
18316
18334
18334
18344
18344
18435
18435
18510
18510
18513
18513
18513
18513
18517
18517
18521
18521
18521
18521
18521
18521
18521
18521
18521
18521
18521
18521
18521
18521
18529
18529
18571
18571
18571
18571
18571
18571
18720
18720
18720
18720
18720
18720
18720
18720
18720
18720
18720
18720
18720
18720
18720
18720
18720
18720
18720
18720
18720
18720
18720
18720
18772
18772
18799
18799
18802
18802
18855
18855
18855
18855
18855
18855
18855
18855
18855
18855
18855
18855
18855
18855
19062
19062
19241
19241
19246
19246
19312
19312
19312
19312
19312
19312
19312
19312
19312
19312
19329
19329
19338
19338
19367
19367
19367
19367
19387
19387
19388
19388
19388
19388
19390
19390
19433
19433
19433
19433
19510
19510
19510
19510
19522
19522
19522
19522
19522
19522
19522
19522
19522
19522
19532
19532
19532
19532
19554
19554
19750
19750
19842
19842
19865
19865
19890
19890
19908
19908
19928
19928
19928
19928
19928
19928
19928
19928
19928
19928
19928
19928
19928
19928
19928
19928
19928
19928
19928
19928
19928
19928
19928
19928
19928
19928
19928
19928
19928
19928
19928
19928
19928
19928
19928
19928
19943
19943
19943
19943
19951
19951
20176
20176
20176
20176
20176
20176
20176
20176
20184
20184
20184
20184
20185
20185
20185
20185
20185
20185
20185
20185
20185
20185
20185
20185
20208
20208
20213
20213
20213
20213
20213
20213
20213
20213
20213
20213
20213
20213
20213
20213
20213
20213
20213
20213
20213
20213
20213
20213
20406
20406
20439
20439
20439
20439
20439
20439
20439
20439
20439
20439
20445
20445
20445
20445
20445
20445
20445
20445
20445
20445
20445
20445
20445
20445
20445
20445
20445
20445
20445
20445
20445
20445
20445
20445
20445
20445
20483
20483
20483
20483
20483
20483
20483
20483
20483
20483
20483
20483
20483
20483
20483
20483
20483
20483
20483
20483
20598
20598
20616
20616
20625
20625
20744
20744
20755
20755
20765
20765
20765
20765
20765
20765
20768
20768
20768
20768
20791
20791
20908
20908
20983
20983
20983
20983
20989
20989
20992
20992
20992
20992
21049
21049
21049
21049
21049
21049
21049
21049
21049
21049
21049
21049
21049
21049
21049
21049
21049
21049
21049
21049
21049
21049
21067
21067
21077
21077
21122
21122
21122
21122
21122
21122
21122
21122
21122
21122
21188
21188
21211
21211
21211
21211
21211
21211
21211
21211
21211
21211
21211
21211
21211
21211
21211
21211
21211
21211
21214
21214
21214
21214
21214
21214
21214
21214
21214
21214
21214
21214
21214
21214
21214
21214
21214
21214
21214
21214
21214
21214
21214
21214
21214
21214
21214
21214
21214
21214
21214
21214
21247
21247
21247
21247
21247
21247
21247
21247
21247
21247
21247
21247
21247
21247
21247
21247
21247
21247
21247
21247
21247
21247
21247
21247
21247
21247
21247
21247
23876
23876
23876
23876
23876
23876
23876
23876
25379
25379
28657
28657
29388
29388
30015
30015
30015
30015
30015
30015
30015
30015
31707
31707
33120
33120
11374
11374
11374
11374
11374
11374
11374
11374
13692
13692
16089
16089
16089
16089
16089
16089
16089
16089
16089
16089
16089
16089
16089
16089
16089
16089
16089
16089
16089
16089
16089
16089
16089
16089
16089
16089
16089
16089
17644
17644
17644
17644
17644
17644
17665
17665
17665
17665
17665
17665
17665
17665
17665
17665
17665
17665
17985
17985
19187
19187
19187
19187
19187
19187
19545
19545
19545
19545
24429
24429
24429
24429
24429
24429
24429
24429
24439
24439
24439
24439
24439
24439
26983
26983
26983
26983
27609
27609
28278
28278
28404
28404
29330
29330
30187
30187
4846
4846
5659
5659
6031
6031
6031
6031
6224
6224
6848
6848
6848
6848
6848
6848
6848
6848
7303
7303
7303
7303
7303
7303
7303
7303
7303
7303
7303
7303
7303
7303
7303
7303
7303
7303
7475
7475
7862
7862
8202
8202
8202
8202
8202
8202
8202
8202
8202
8202
8202
8202
8202
8202
8451
8451
8451
8451
8545
8545
8665
8665
8697
8697
8742
8742
8845
8845
8845
8845
8885
8885
8917
8917
8917
8917
8917
8917
8917
8917
8917
8917
8917
8917
8917
8917
8917
8917
8917
8917
8917
8917
8917
8917
8917
8917
8917
8917
8917
8917
8917
8917
8917
8917
8917
8917
8917
8917
8917
8917
8917
8917
8917
8917
9128
9128
9128
9128
9366
9366
9366
9366
9366
9366
9545
9545
9883
9883
10236
10236
10265
10265
10265
10265
10317
10317
10416
10416
10416
10416
10416
10416
10416
10416
10648
10648
10959
10959
11343
11343
11349
11349
11356
11356
11790
11790
11790
11790
11790
11790
11790
11790
11790
11790
11790
11790
11790
11790
11790
11790
12032
12032
12071
12071
12467
12467
12847
12847
13260
13260
13260
13260
13289
13289
13289
13289
13289
13289
13289
13289
13289
13289
13289
13289
13492
13492
13492
13492
13531
13531
13531
13531
13531
13531
13531
13531
13531
13531
13531
13531
13645
13645
13674
13674
13724
13724
13724
13724
13724
13724
13724
13724
13724
13724
13724
13724
13724
13724
13737
13737
13737
13737
13804
13804
14139
14139
14139
14139
14139
14139
14139
14139
14139
14139
14139
14139
14139
14139
14139
14139
14139
14139
14147
14147
14212
14212
14212
14212
14212
14212
14212
14212
14212
14212
14212
14212
14344
14344
14382
14382
14511
14511
14654
14654
15621
15621
15771
15771
15771
15771
15771
15771
15771
15771
15771
15771
15771
15771
15771
15771
15771
15771
15771
15771
15771
15771
15771
15771
15771
15771
15771
15771
15771
15771
15771
15771
15771
15771
15771
15771
15771
15771
15771
15771
15771
15771
15771
15771
15992
15992
16254
16254
16254
16254
16254
16254
16315
16315
16362
16362
16564
16564
16564
16564
16568
16568
16607
16607
16607
16607
16607
16607
16811
16811
16830
16830
16839
16839
16885
16885
16885
16885
17289
17289
17289
17289
17437
17437
17437
17437
17437
17437
17437
17437
17562
17562
17590
17590
17617
17617
17617
17617
18317
18317
18553
18553
18553
18553
18864
18864
18864
18864
18864
18864
18864
18864
18864
18864
18864
18864
18870
18870
18870
18870
18870
18870
18870
18870
18870
18870
18870
18870
18870
18870
18901
18901
18901
18901
18986
18986
19032
19032
19032
19032
19086
19086
19086
19086
19086
19086
19086
19086
19086
19086
19333
19333
19345
19345
19345
19345
19629
19629
19869
19869
19869
19869
21210
21210
21210
21210
21230
21230
21230
21230
21230
21230
21531
21531
21531
21531
21531
21531
21531
21531
